0: 107
1: 
2: 
3: 
4: 
5: 
6: 
7: 
8: 
9: 
10: 
11: 
12: 
13: 
14: 
15: 
16: 
17: 
18: 
19: 
20: 
21: 
22: 
23: 
24: 
25: 
26: 
27: 
28: 
29: 157
30: 
31: 
32: 
33: 
34: 
35: 
36: 167
37: 
38: 
39: 
40: 
41: 178
42: 190
43: 191
44: 192
45: 349,331,54,46,332,55
46: 47,333,332,45,55,56
47: 46,333,56,57
48: 58,57,49
49: 50,48,58,59
50: 49,334,60,59,51
51: 52,335,50,334,60,61
52: 51,336,335,61,62,350
53: 63,362,348,349,64,54
54: 64,65,53,45,349,55
55: 66,56,45,65,54,46
56: 66,67,55,46,47,57
57: 68,47,67,56,48
58: 68,48,49,69,59
59: 69,70,60,58,49,50
60: 70,59,50,51,71,61
61: 71,72,62,60,51,52
62: 72,61,52,350,73
63: 53,374,362,75,76,64
64: 65,54,63,53,76,77
65: 64,54,77,66,78,55
66: 67,78,79,55,56,65
67: 66,79,56,68,80,57
68: 80,81,58,57,67
69: 70,59,81,58,82
70: 69,60,59,83,82,71
71: 72,61,70,60,83,84
72: 71,61,62,84,73,85
73: 74,72,62,86,85
74: 73,86,363,375,87
75: 88,89,76,386,63,374
76: 89,75,63,64,90,77
77: 90,91,76,64,65,78
78: 66,79,65,91,77,92
79: 66,67,78,92,93,80
80: 68,81,67,79,93,94
81: 68,80,94,95,69
82: 83,96,95,69,70
83: 96,82,70,71,97,84
84: 97,98,83,71,72,85
85: 99,86,72,98,84,73
86: 99,100,85,73,74,87
87: 101,387,74,100,86,375
88: 89,103,75,102,386
89: 88,103,75,76,90,104
90: 91,105,104,77,89,76
91: 90,105,77,78,92,106
92: 93,106,107,91,78,79
93: 92,107,79,80,94
94: 95,93,80,81
95: 94,81,82
96: 83,82,108,97
97: 98,109,84,83,96,108
98: 97,109,84,99,110,85
99: 100,110,111,86,85,98
100: 99,111,86,101,112,87
101: 112,113,398,387,87,100
102: 409,114,88,103,115
103: 88,89,102,115,116,104
104: 90,105,89,103,116,117
105: 90,91,104,117,118,106
106: 92,107,91,105,118
107: 92,93,106,0
108: 96,97,109
109: 97,98,108,119,110
110: 99,111,98,109,119,120
111: 99,100,110,120,121,112
112: 101,113,100,111,121,122
113: 101,112,398,122,123,410
114: 124,125,419,102,409,115
115: 116,126,102,114,125,103
116: 115,126,103,104,117,127
117: 118,128,127,116,105,104
118: 117,128,105,106
119: 109,110,120,129
120: 121,129,130,119,110,111
121: 120,130,111,112,122,131
122: 123,131,132,121,112,113
123: 122,132,113,410,133,420
124: 114,125,419,429,134,439
125: 114,124,134,115,126,135
126: 115,116,125,135,136,127
127: 117,128,116,126,136,137
128: 117,118,127,137
129: 120,130,119,138,139
130: 120,121,129,139,140,131
131: 122,132,121,130,140,141
132: 122,123,131,141,142,133
133: 420,430,123,132,142,440
134: 143,144,439,124,125,135
135: 136,145,125,134,144,126
136: 135,145,126,127,137,146
137: 147,146,136,128,127
138: 129,139,148
139: 140,148,149,138,129,130
140: 139,149,130,131,141,150
141: 142,150,151,140,131,132
142: 141,151,132,133,152,440
143: 134,144,439,449,153,459
144: 134,143,153,135,145,154
145: 135,136,144,154,155,146
146: 137,147,136,145,155,156
147: 137,146,156
148: 139,149,138,157,158
149: 139,140,148,158,159,150
150: 141,151,140,149,159,160
151: 141,142,150,160,161,152
152: 440,450,142,151,161,460
153: 162,163,459,143,144,154
154: 155,164,144,153,163,145
155: 154,164,145,146,156,165
156: 166,165,155,147,146
157: 29,167,148,158,168
158: 159,168,169,157,148,149
159: 158,169,149,150,160,170
160: 161,170,171,159,150,151
161: 160,171,151,152,460,470
162: 153,163,459,469,172
163: 153,162,172,154,164,173
164: 154,155,163,173,174,165
165: 156,166,155,164,174,175
166: 156,165,175,176
167: 36,157,178,179,168
168: 158,169,157,167,179,180
169: 158,159,168,180,181,170
170: 160,171,159,169,181,182
171: 160,161,170,182,183,470
172: 184,480,162,163,173
173: 174,185,163,172,184,164
174: 173,185,164,165,175,186
175: 176,187,186,174,166,165
176: 175,187,166,177,188
177: 188,189,176
178: 41,179,194,193,167
179: 178,194,167,168,180,195
180: 181,195,196,179,168,169
181: 180,196,169,170,182,197
182: 198,197,183,181,170,171
183: 182,198,171,470,481
184: 172,490,173,185,199
185: 173,174,184,199,200,186
186: 175,187,174,185,200,201
187: 175,176,186,201,202,188
188: 177,189,176,187,202,203
189: 177,188,203,204,190
190: 42,191,189,204,205
191: 43,190,205,192,206
192: 44,193,191,206,207
193: 192,207,178,194,208
194: 178,179,193,208,209,195
195: 180,196,179,194,209,210
196: 180,181,195,210,211,197
197: 182,198,181,196,211,212
198: 182,197,183,212,491
199: 200,213,184,501,185
200: 199,213,214,185,186,201
201: 202,215,200,214,187,186
202: 201,215,187,188,203,216
203: 204,216,217,202,188,189
204: 203,217,189,190,205,218
205: 218,219,204,190,191,206
206: 207,220,191,205,219,192
207: 206,220,221,192,193,208
208: 209,222,193,207,221,194
209: 208,222,194,195,210,223
210: 211,223,224,209,195,196
211: 210,224,196,197,212,225
212: 225,502,211,198,197
213: 199,200,214,512
214: 200,213,201,215,226
215: 201,202,214,226,227,216
216: 203,217,202,215,227,228
217: 203,204,216,228,229,218
218: 205,219,230,204,217,229
219: 205,218,230,206,220,231
220: 206,207,221,219,231,232
221: 207,220,232,208,222,233
222: 208,209,221,233,234,223
223: 210,224,209,222,234,235
224: 210,211,223,235,513,225
225: 212,514,211,224,513
226: 227,236,214,525,539,215
227: 226,236,215,216,228,237
228: 229,237,238,227,216,217
229: 228,238,217,218,230,239
230: 218,219,229,239,240,231
231: 232,241,219,230,240,220
232: 231,241,242,220,221,233
233: 234,243,221,232,242,222
234: 233,243,222,223,235
235: 526,513,234,223,224
236: 226,227,540,539,237
237: 228,238,227,236
238: 228,229,237,239,244
239: 245,240,244,229,238,230
240: 245,239,230,231,241,246
241: 231,232,242,246,247,240
242: 232,241,247,233,243
243: 233,234,541,242
244: 245,239,238,558
245: 239,240,244,246
246: 241,247,245,240,559
247: 241,242,246,559,560
248: 249,259,260
249: 248,260,261,250
250: 251,249,261,262
251: 250,262,263
252: 263,264,253
253: 254,252,264,265
254: 253,265,266,255
255: 256,254,266,267
256: 255,267,268,257
257: 256,268,269
258: 259,272,273
259: 258,273,248,260,274
260: 274,275,261,259,248,249
261: 260,275,249,250,262,276
262: 277,276,261,250,251,263
263: 278,251,277,262,252
264: 278,252,253,265,279
265: 266,279,280,264,253,254
266: 265,280,254,255,267,281
267: 268,281,282,266,255,256
268: 267,282,256,257,269,283
269: 283,284,268,257,270
270: 285,269,284
271: 288,289,272
272: 258,273,271,289,290
273: 258,259,272,290,291,274
274: 260,275,259,273,291,292
275: 260,274,261,292,293,276
276: 277,262,275,261,293,294
277: 262,276,294,263,278,295
278: 263,264,277,295,296
279: 265,280,264,296,297
280: 265,266,279,297,298,281
281: 267,282,266,280,298,299
282: 267,268,281,299,300,283
283: 269,284,268,282,300,301
284: 269,283,301,270,285,302
285: 270,286,284,302,303
286: 285,303,304
287: 305,288,306
288: 289,307,306,287,271
289: 288,307,271,272,290,308
290: 291,308,309,289,272,273
291: 290,309,273,274,292,310
292: 310,311,293,291,274,275
293: 292,311,275,276,294,312
294: 313,312,293,277,276,295
295: 296,314,277,313,294,278
296: 295,314,315,278,279
297: 298,316,315,279,280
298: 297,316,280,281,299,317
299: 300,317,318,298,281,282
300: 299,318,282,283,301,319
301: 319,320,300,283,284,302
302: 303,321,284,301,320,285
303: 302,321,322,285,286,304
304: 323,286,303,322
305: 287,325,326,306
306: 288,307,287,305,326,327
307: 288,289,306,327,328,308
308: 290,309,289,307,328,329
309: 290,291,308,329,330,310
310: 292,311,291,309,330,331
311: 292,310,293,331,312,332
312: 313,294,311,293,333,332
313: 294,312,333,295,314
314: 295,296,315,313
315: 296,314,297
316: 297,298,334,317
317: 299,318,298,316,334,335
318: 299,300,317,336,335,319
319: 301,320,300,318,336,337
320: 301,319,337,302,321,338
321: 302,303,322,320,338,339
322: 303,321,339,304,323,340
323: 304,324,322,340,341
324: 323,341,342
325: 326,344,343,305
326: 325,344,305,306,327,345
327: 328,346,345,326,307,306
328: 327,346,307,308,329,347
329: 348,330,347,328,308,309
330: 348,329,309,310,349,331
331: 45,349,330,310,311,332
332: 46,333,311,45,331,312
333: 46,47,332,313,312
334: 50,316,317,51,335
335: 51,52,336,334,317,318
336: 52,335,318,319,337,350
337: 351,350,336,319,320,338
338: 339,352,320,351,337,321
339: 338,352,353,321,322,340
340: 341,354,322,339,353,323
341: 340,354,355,323,324,342
342: 356,324,341,355
343: 325,344,357,358
344: 325,326,343,358,359,345
345: 327,346,326,344,359,360
346: 327,328,345,360,361,347
347: 348,329,328,346,361,362
348: 329,330,347,53,362,349
349: 45,331,348,330,53,54
350: 351,337,52,336,62
351: 337,350,338,352,363
352: 338,339,353,351,363,364
353: 339,352,364,340,354,365
354: 340,341,355,353,365,366
355: 341,354,366,342,356,367
356: 342,355,367,368
357: 369,343,358,370
358: 359,371,370,357,344,343
359: 358,371,344,345,360,372
360: 361,373,372,359,346,345
361: 360,373,346,347,374,362
362: 63,53,374,361,348,347
363: 364,375,351,74,352
364: 376,363,375,352,353,365
365: 366,377,353,376,364,354
366: 365,377,378,354,355,367
367: 368,379,355,366,378,356
368: 367,379,356,380
369: 357,381,382,370
370: 358,371,357,369,382,383
371: 358,359,370,383,384,372
372: 360,373,359,371,384,385
373: 360,361,372,385,386,374
374: 63,362,361,373,386,75
375: 376,363,364,74,387,87
376: 364,375,387,365,377,388
377: 365,366,378,376,388,389
378: 366,377,389,367,379,390
379: 367,368,378,390,391,380
380: 368,379,391,392
381: 382,394,393,369
382: 381,394,369,370,383,395
383: 384,396,395,382,371,370
384: 383,396,371,372,397,385
385: 397,386,384,373,372
386: 385,373,374,88,75
387: 101,398,87,376,375,388
388: 389,399,376,398,387,377
389: 388,399,400,377,378,390
390: 391,401,378,389,400,379
391: 390,401,379,380,392,402
392: 402,403,391,380
393: 404,381,394,405
394: 381,382,393,406,405,395
395: 383,396,382,394,406,407
396: 383,384,395,408,407,397
397: 385,409,384,396,408
398: 101,113,387,388,399,410
399: 388,389,410,411,400,398
400: 389,399,411,390,401,412
401: 390,391,413,412,400,402
402: 392,403,414,391,413,401
403: 392,402,414
404: 415,393,405
405: 416,406,393,415,404,394
406: 416,405,394,395,407,417
407: 418,408,417,406,396,395
408: 418,407,396,397,409,419
409: 102,397,408,114,419
410: 399,411,113,398,123,420
411: 399,410,400,420,421,412
412: 413,401,411,400,421,422
413: 401,412,422,402,414,423
414: 402,403,413,423,424
415: 425,404,416,426,405
416: 406,426,427,405,415,417
417: 418,428,407,416,406,427
418: 428,408,407,429,417,419
419: 114,124,418,408,429,409
420: 133,430,421,123,410,411
421: 420,430,411,412,422,431
422: 432,431,421,413,412,423
423: 424,433,413,432,422,414
424: 423,433,434,414
425: 415,435,426
426: 416,427,415,425,435,436
427: 416,426,436,428,417,437
428: 418,429,417,427,438,437
429: 418,428,438,124,419,439
430: 133,420,421,440,441,431
431: 432,422,430,421,441,442
432: 422,431,442,423,433,443
433: 423,424,434,432,443,444
434: 424,433,444
435: 445,425,426,436,446
436: 447,446,435,426,427,437
437: 438,448,427,436,447,428
438: 449,448,437,428,429,439
439: 134,143,429,438,449,124
440: 152,450,441,142,133,430
441: 440,450,430,431,442,451
442: 452,451,441,432,431,443
443: 444,453,432,452,442,433
444: 443,453,454,433,434
445: 435,455,446
446: 436,447,435,445,455,456
447: 436,446,456,448,437,457
448: 438,449,437,447,458,457
449: 438,448,458,143,439,459
450: 152,440,441,460,461,451
451: 452,442,450,441,461,462
452: 442,451,462,443,453,463
453: 443,444,454,452,463,464
454: 444,453,464
455: 465,445,446,456,466
456: 467,466,455,447,446,457
457: 458,468,447,456,467,448
458: 469,468,457,449,448,459
459: 153,162,449,458,469,143
460: 470,461,161,152,450
461: 460,450,451,462,472
462: 473,472,461,452,451,463
463: 464,474,452,473,462,453
464: 463,474,475,453,454
465: 455,476,466
466: 456,467,455,465,476,477
467: 456,466,477,468,457,478
468: 458,469,457,467,479,478
469: 458,468,479,162,459
470: 460,471,161,171,183
471: 470,481,482,472
472: 473,462,471,461,483
473: 462,472,483,463,474,484
474: 463,464,475,473,484,485
475: 464,474,485
476: 465,466,477,486
477: 487,486,476,467,466,478
478: 479,488,467,477,487,468
479: 488,478,469,468,480
480: 172,490,479,489
481: 491,492,482,183,471
482: 481,492,471,483,493
483: 494,482,473,472,484
484: 485,495,473,494,483,474
485: 484,495,474,475
486: 477,487,476,496,497
487: 477,486,497,488,478,498
488: 479,489,478,487,498
489: 488,499,490,480,500
490: 184,480,489,501,500
491: 481,492,198,502,503
492: 481,491,482,503,504,493
493: 494,492,482,504,505
494: 483,493,505,506,484,495
495: 484,485,494,506
496: 486,497,507
497: 508,507,496,487,486,498
498: 499,487,497,508,488
499: 510,509,498,489,500
500: 501,511,489,499,510,490
501: 511,512,500,490,199
502: 212,514,491,503,515
503: 515,516,504,502,491,492
504: 503,516,492,493,505,517
505: 518,517,506,504,494,493
506: 518,505,494,495
507: 497,508,496,519
508: 497,507,519,509,498
509: 499,510,508,521,520
510: 499,509,521,511,500,522
511: 501,512,500,510,523,522
512: 501,511,523,213,524
513: 235,526,224,225,527
514: 225,502,527,528,515
515: 503,516,502,514,528,529
516: 503,515,504,529,530,517
517: 518,505,516,504,530,531
518: 505,517,506,531,532
519: 508,507,520
520: 521,534,519,533,509
521: 535,534,520,510,509,522
522: 523,536,510,521,535,511
523: 536,537,522,511,512,524
524: 525,538,512,523,537
525: 524,538,539,226
526: 235,542,513,543
527: 528,543,544,513,514
528: 527,544,514,515,529,545
529: 545,546,530,528,515,516
530: 529,546,516,517,531,547
531: 548,547,530,518,517,532
532: 518,548,531
533: 534,520,549
534: 521,535,520,533,550,549
535: 521,534,550,536,522,551
536: 523,537,522,535,552,551
537: 523,536,552,524,538,553
538: 524,525,539,537,553,554
539: 525,538,554,226,236,540
540: 236,539,555,556
541: 243,561,542,562
542: 526,541,562,563
543: 527,544,526,564
544: 527,528,543,565,545
545: 529,546,528,544,566
546: 529,545,530,567,547
547: 548,531,546,530
548: 531,547,532
549: 550,533,534
550: 568,549,535,534,551
551: 552,569,535,550,568,536
552: 569,570,551,536,537,553
553: 554,571,537,552,570,538
554: 553,571,538,539,555
555: 556,573,554,572,540
556: 555,573,540,557,574
557: 575,558,574,556
558: 575,557,244,576
559: 579,578,560,246,247
560: 579,559,247,561,580
561: 581,580,560,541,562
562: 563,582,541,581,561,542
563: 562,582,583,542,564
564: 565,584,563,583,543
565: 564,584,585,544,566
566: 567,586,565,585,545
567: 566,586,546
568: 550,569,551,587
569: 552,570,551,568,588,587
570: 552,569,588,553,571,589
571: 553,554,572,570,589
572: 571,590,555,573,591
573: 555,556,572,591,592,574
574: 575,557,556,573,592,593
575: 557,558,574,593,594,576
576: 577,575,558,594,595
577: 576,595,596,578
578: 579,559,577,596,597
579: 578,559,560,597,598,580
580: 581,561,579,560,598,599
581: 561,580,599,562,582,600
582: 562,563,583,581,600,601
583: 563,582,601,564,584,602
584: 564,565,585,583,602,603
585: 565,584,603,566,586,604
586: 566,567,585,604
587: 588,568,569
588: 605,587,569,570,589
589: 590,570,588,605,571
590: 589,606,607,572,591
591: 592,608,572,590,607,573
592: 591,608,573,574,593,609
593: 594,610,609,592,575,574
594: 593,610,575,576,595,611
595: 611,612,596,594,577,576
596: 595,612,577,578,597,613
597: 614,613,598,596,579,578
598: 614,597,579,580,599,615
599: 616,615,598,581,580,600
600: 601,617,581,616,599,582
601: 600,617,618,582,583,602
602: 603,619,583,601,618,584
603: 602,619,584,585,604
604: 585,603,586
605: 588,589,606
606: 590,607,605,620,621
607: 590,606,621,591,608,622
608: 591,592,607,622,623,609
609: 593,610,592,608,623,624
610: 593,594,609,624,625,611
611: 595,612,594,610,625,626
612: 595,611,596,626,627,613
613: 614,597,612,596,627,628
614: 597,613,598,628,629,615
615: 616,599,614,598,629,630
616: 599,615,630,600,617,631
617: 600,601,618,616,631,632
618: 601,617,632,602,619
619: 602,603,618
620: 621,606
621: 620,606,607,622
622: 623,633,607,621,608
623: 622,633,608,609,624,634
624: 625,635,634,623,610,609
625: 624,635,610,611,626,636
626: 636,637,627,625,611,612
627: 626,637,612,613,628,638
628: 639,638,629,627,614,613
629: 639,628,614,615,630,640
630: 641,640,629,616,615,631
631: 632,616,641,630,617
632: 631,617,618
633: 622,623,634
634: 624,635,623,633
635: 624,625,634,636
636: 626,637,625,635
637: 626,636,627,638
638: 639,628,637,627
639: 628,638,629,640
640: 641,630,639,629
641: 630,640,631